zh1 = (18.5/27) * 100;
zh2  = (21.5/23) * 100;



hazi = 100;

kiszhk = 90 + 90 + 80;

vegeredmeny = zh1/3 + zh2/3 + hazi/6 + kiszhk/18

csakzh2 = 2 * zh2/3 + hazi/6 + kiszhk/18