zh1 = (18.5/27) * 100;
zh2  = (26/27) * 100;



hazi = 100;

kiszhk = 80 + 90 + 80;

vegeredmeny = zh1/3 + zh2/3 + hazi/6 + kiszhk/18

% pzh = (23/27) * 100;
% pzhval = 2*pzh/3 + hazi/6 + kiszhk/18;