zh1 = (18.5/27) * 100;
zh2  = (24/27) * 100;

hazi = 100;

kiszhk = 300;

vegeredmeny = zh1/3 + zh2/3 + hazi/6 + kiszhk/18